Minnie Mouse 800222222 12 12 1998 3 75 65 85
Donald Duck 800444444 5 8 2000 6 95 75 85 88 86 94
Princess Aurora 800111111 4 7 1990 2 97 96
Daisy Duck 800999999 11 5 2001 6 75 78 74 86 85 91
Prince Charming 800888888 1 1 1981 5 75 85 71 86 95
Peter Pan 800161616 3 21 1999 10 78 74 75 85 84 95 91 93 75 91
Snow White 800121212 10 29 1997 1 99
Cheshire Cat 800888888 6 14 1989 6 74 78 85 92 84 81 
Captain Hook 800101010 2 15 1997 4 84 88 88 81
Roger Rabbit 800777777 7 21 2001 3 91 94 98
Buzz Lightyear 800555555 4 28 1995 3 78 85 95
Little Mermaid 800141414 8 30 1997 5 89 86 86 94 95
Mary Poppins 800666666 5 1 1982 2 87 86
Mickey Mouse 800333333 7 23 1995 5 85 100 35 65 74